VPLeft: !<!alignment>
  position: [-0.16674936782654887 * mm, 0.07258445117058115 * mm, -0.3284784888130428 * mm]
  rotation: [0.00013022568678090047 * rad, -0.00013783997782589743 * rad, 0.002780475555815851 * rad]
VPRight: !<!alignment>
  position: [0.16631836965950933 * mm, -0.07402496407650368 * mm, 0.32848004413704707 * mm]
  rotation: [-0.00012944541403099065 * rad, 0.00013882616434737847 * rad, -0.002780484994610483 * rad]
VPSystem: !<!alignment>
  position: [0.0, 0.0, 0.0]
  rotation: [0.0, 0.0, 0.0]
