VPLeft: !<!alignment>
  position: [-0.16219160249623374 * mm, 0.07884156114310215 * mm, -0.3775019122973953 * mm]
  rotation: [0.00013051624247431472 * rad, -3.3339693360664037e-05 * rad, 0.0027804482948278622 * rad]
VPRight: !<!alignment>
  position: [0.16163513808263405 * mm, -0.08032050634769711 * mm, 0.3775638755639879 * mm]
  rotation: [-0.00012915484626308026 * rad, 3.432587983719288e-05 * rad, -0.002780512005134776 * rad]
VPSystem: !<!alignment>
  position: [0 * mm, 0 * mm, 0 * mm]
  rotation: [-0.0005031637215028826 * rad, 0 * rad, 0 * rad]
