VPLeft: !<!alignment>
  position: [-0.14950825700830297 * mm, 0.07967033661414112 * mm, -0.2957846517985045 * mm]
  rotation: [0.00013017725818530038 * rad, -0.00015525750499259237 * rad, 0.0027804800825087165 * rad]
VPRight: !<!alignment>
  position: [0.14916805248691833 * mm, -0.08119798227864145 * mm, 0.2957669607403016 * mm]
  rotation: [-0.00012949384387696532 * rad, 0.00015624369151580428 * rad, -0.00278048047562846 * rad]
VPSystem: !<!alignment>
  position: [0 * mm, 0 * mm, 0 * mm]
  rotation: [0.00014941189423556256 * rad, 4.1484186203514197e-07 * rad, -5.328515151030341e-06 * rad]
