VPLeft: !<!alignment>
  position: [-0.16685116531259747 * mm, 0.07581057303501407 * mm, -0.32476858790721724 * mm]
  rotation: [0.00013042489865930677 * rad, -6.619201389037521e-05 * rad, 0.00278045686954009 * rad]
VPRight: !<!alignment>
  position: [0.1663322897829051 * mm, -0.0772498063280982 * mm, 0.3248126555818226 * mm]
  rotation: [-0.00012924619338004436 * rad, 6.717820038293502e-05 * rad, -0.0027805035182178976 * rad]
VPSystem: !<!alignment>
  position: [0.0, 0.0, 0.0]
  rotation: [0.0, 0.0, 0.0]
