VPLeft: !<!alignment>
  position: [-0.16846543602235503 * mm, 0.07558768604322913 * mm, -0.32961542544301087 * mm]
  rotation: [0.0001305162424743145 * rad, -3.333969336066414e-05 * rad, 0.0027804482948278674 * rad]
VPRight: !<!alignment>
  position: [0.16789398566116537 * mm, -0.07701934966730598 * mm, 0.3296786638060828 * mm]
  rotation: [-0.00012915484626308004 * rad, 3.432587983719287e-05 * rad, -0.0027805120051347717 * rad]
VPSystem: !<!alignment>
  position: [0.0, 0.0, 0.0]
  rotation: [0.0, 0.0, 0.0]
