VPLeft: !<!alignment>
  position: [-0.16687365713740124 * mm, 0.07322533741817637 * mm, -0.3281737134399812 * mm]
  rotation: [0.00013027119401762895 * rad, -0.00012147293486830005 * rad, 0.0027804712884156617 * rad]
VPRight: !<!alignment>
  position: [0.16642162179739495 * mm, -0.07466513974798947 * mm, 0.32818486858002544 * mm]
  rotation: [-0.00012939990455328306 * rad, 0.00012245912138343155 * rad, -0.0027804892273229115 * rad]
VPSystem: !<!alignment>
  position: [0.0, 0.0, 0.0]
  rotation: [0.0, 0.0, 0.0]
