VPLeft: !<!alignment>
  position: [-0.1588228526143656 * mm, 0.07698177952747257 * mm, -0.32819377266966543 * mm]
  rotation: [0.00013023698939963074 * rad, -0.0001337747795726765 * rad, 0.002780474488974302 * rad]
VPRight: !<!alignment>
  position: [0.1584028197916936 * mm, -0.07846626680288948 * mm, 0.3281925688535449 * mm]
  rotation: [-0.00012943411019017328 * rad, 0.00013476096609042225 * rad, -0.0027804860390018425 * rad]
VPSystem: !<!alignment>
  position: [0 * mm, 0 * mm, 0 * mm]
  rotation: [2.4739076144429552e-05 * rad, -1.484290274630367e-08 * rad, 5.917194160150618e-05 * rad]
