VPLeft: !<!alignment>
  position: [-0.1615152216931576 * mm, 0.07919444239001161 * mm, -0.37474349694007264 * mm]
  rotation: [0.0001305162424743145 * rad, -3.33396933606641e-05 * rad, 0.002780448294827864 * rad]
VPRight: !<!alignment>
  position: [0.16096091474833008 * mm, -0.08067642663098 * mm, 0.3748053224838096 * mm]
  rotation: [-0.00012915484626308004 * rad, 3.4325879837192876e-05 * rad, -0.0027805120051347734 * rad]
VPSystem: !<!alignment>
  position: [0 * mm, 0 * mm, 0 * mm]
  rotation: [-0.00047400354490716054 * rad, 0 * rad, 0 * rad]
