VPLeft: !<!alignment>
  position: [-0.16685540802109852 * mm, 0.0759641269362482 * mm, -0.3265975236379831 * mm]
  rotation: [0.00013043600294911106 * rad, -6.219828964725556e-05 * rad, 0.0027804558274192245 * rad]
VPRight: !<!alignment>
  position: [0.16633140679476172 * mm, -0.07740382612098815 * mm, 0.3266439881016436 * mm]
  rotation: [-0.00012923508866937794 * rad, 6.318447613795192e-05 * rad, -0.0027805045502105516 * rad]
VPSystem: !<!alignment>
  position: [0 * mm, 0 * mm, 0 * mm]
  rotation: [-2.859533799489198e-05 * rad, 0 * rad, 0 * rad]
