VPLeft: !<!alignment>
  position: [-0.16152494226585237 * mm, 0.07958726249709121 * mm, -0.37678883300047095 * mm]
  rotation: [0.0001305162424743145 * rad, -3.333969336066408e-05 * rad, 0.0027804482948278666 * rad]
VPRight: !<!alignment>
  position: [0.16097268269842072 * mm, -0.08106971809304253 * mm, 0.37685055720562266 * mm]
  rotation: [-0.00012915484626308026 * rad, 3.4325879837192896e-05 * rad, -0.0027805120051347726 * rad]
VPSystem: !<!alignment>
  position: [0 * mm, 0 * mm, 0 * mm]
  rotation: [-5.891625046627904e-05 * rad, 0 * rad, 0 * rad]
