VPLeft: !<!alignment>
  position: [-0.5228117153512638 * mm, -0.3479381445245572 * mm, -0.07567426268350683 * mm]
  rotation: [0.0001305162424743145 * rad, -3.333969336066409e-05 * rad, 0.002780448294827864 * rad]
VPRight: !<!alignment>
  position: [0.519896582974805 * mm, 0.348536399055439 * mm, 0.07587164028297577 * mm]
  rotation: [-0.00012915484626308026 * rad, 3.43258798371929e-05 * rad, -0.002780512005134773 * rad]
VPSystem: !<!alignment>
  position: [0 * mm, 0 * mm, 0 * mm]
  rotation: [-0.001473262414658368 * rad, -9.738142961596635e-07 * rad, 5.475256357456899e-05 * rad]
