VPLeft: !<!alignment>
  position: [-0.1684650272119003 * mm, 0.07251697983373993 * mm, -0.3213244077548251 * mm]
  rotation: [0.0001305162424743145 * rad, -3.33396933606641e-05 * rad, 0.0027804482948278622 * rad]
VPRight: !<!alignment>
  position: [0.1678770558706444 * mm, -0.07394653882512585 * mm, 0.32138844318141624 * mm]
  rotation: [-0.00012915484626308026 * rad, 3.4325879837192896e-05 * rad, -0.002780512005134775 * rad]
VPSystem: !<!alignment>
  position: [0 * mm, 0 * mm, 0 * mm]
  rotation: [-0.00023250914690727486 * rad, -4.284665892682854e-08 * rad, 6.701929098855598e-05 * rad]
