VPLeft: !<!alignment>
  position: [-0.16151604879702175 * mm, 0.07919304534344143 * mm, -0.3747334494803357 * mm]
  rotation: [0.0001305162424743145 * rad, -3.333969336066408e-05 * rad, 0.0027804482948278657 * rad]
VPRight: !<!alignment>
  position: [0.1609617347431021 * mm, -0.08067502239567637 * mm, 0.3747952754435362 * mm]
  rotation: [-0.00012915484626308004 * rad, 3.432587983719288e-05 * rad, -0.0027805120051347734 * rad]
VPSystem: !<!alignment>
  position: [0 * mm, 0 * mm, 0 * mm]
  rotation: [-0.00047564640717718133 * rad, 0 * rad, 0 * rad]
