VPLeft: !<!alignment>
  position: [-0.16690164364188603 * mm, 0.07578749904345962 * mm, -0.32785821987749053 * mm]
  rotation: [0.00013041581626150114 * rad, -6.945855188210066e-05 * rad, 0.0027804577217691757 * rad]
VPRight: !<!alignment>
  position: [0.1663870554192641 * mm, -0.0772272417360545 * mm, 0.32790025964179437 * mm]
  rotation: [-0.00012925527611823678 * rad, 7.044473837608676e-05 * rad, -0.0027805026739926965 * rad]
VPSystem: !<!alignment>
  position: [0 * mm, 0 * mm, 0 * mm]
  rotation: [-2.2561017711250628e-05 * rad, -4.781439828386885e-09 * rad, 0.00015732424163358117 * rad]
