VPLeft: !<!alignment>
  position: [-0.16137803037571327 * mm, 0.07962200347245932 * mm, -0.37653504082495326 * mm]
  rotation: [0.00013051624247431472 * rad, -3.333969336066407e-05 * rad, 0.002780448294827866 * rad]
VPRight: !<!alignment>
  position: [0.16082598326232678 * mm, -0.08110520954577366 * mm, 0.3765967459776639 * mm]
  rotation: [-0.00012915484626308026 * rad, 3.432587983719288e-05 * rad, -0.0027805120051347734 * rad]
VPSystem: !<!alignment>
  position: [0 * mm, 0 * mm, 0 * mm]
  rotation: [-6.463973312001332e-05 * rad, 0 * rad, 0 * rad]
