VPLeft: !<!alignment>
  position: [-0.16207204268180928 * mm, 0.07874847596604777 * mm, -0.37713450851266983 * mm]
  rotation: [0.00013051624247431472 * rad, -3.3339693360664084e-05 * rad, 0.002780448294827863 * rad]
VPRight: !<!alignment>
  position: [0.1615150870712041 * mm, -0.08022799200308056 * mm, 0.37719648777004144 * mm]
  rotation: [-0.00012915484626308026 * rad, 3.432587983719291e-05 * rad, -0.0027805120051347726 * rad]
VPSystem: !<!alignment>
  position: [0 * mm, 0 * mm, 0 * mm]
  rotation: [-0.0003870713991925299 * rad, 0 * rad, 0 * rad]
