VPLeft: !<!alignment>
  position: [-0.16896890705859463 * mm, 0.0754991511205338 * mm, -0.33108783557143995 * mm]
  rotation: [0.0001305162424743145 * rad, -3.3339693360664125e-05 * rad, 0.0027804482948278674 * rad]
VPRight: !<!alignment>
  position: [0.16839685800595955 * mm, -0.07692839897085867 * mm, 0.3311511312862749 * mm]
  rotation: [-0.00012915484626308026 * rad, 3.432587983719285e-05 * rad, -0.0027805120051347717 * rad]
VPSystem: !<!alignment>
  position: [0 * mm, 0 * mm, 0 * mm]
  rotation: [-2.8329755726591718e-05 * rad, -2.7877764598346467e-08 * rad, 0.0006536034207943384 * rad]
