VPLeft: !<!alignment>
  position: [-0.16150950756177387 * mm, 0.07919483629171623 * mm, -0.3747327671889061 * mm]
  rotation: [0.00013051624247431472 * rad, -3.3339693360664104e-05 * rad, 0.0027804482948278635 * rad]
VPRight: !<!alignment>
  position: [0.160955203614063 * mm, -0.08067684951421669 * mm, 0.3747945922400371 * mm]
  rotation: [-0.00012915484626308026 * rad, 3.432587983719289e-05 * rad, -0.002780512005134773 * rad]
VPSystem: !<!alignment>
  position: [0 * mm, 0 * mm, 0 * mm]
  rotation: [-0.0004739894168680942 * rad, 0 * rad, 0 * rad]
