VPLeft: !<!alignment>
  position: [-0.16694459430613653 * mm, 0.07576748218147898 * mm, -0.3277812422135822 * mm]
  rotation: [0.00013041493300683968 * rad, -6.977622105099872e-05 * rad, 0.0027804578047269145 * rad]
VPRight: !<!alignment>
  position: [0.16643049924534312 * mm, -0.07720696464827453 * mm, 0.32782314202860324 * mm]
  rotation: [-0.00012925615941380996 * rad, 7.076240754513867e-05 * rad, -0.002780502591971116 * rad]
VPSystem: !<!alignment>
  position: [0 * mm, 0 * mm, 0 * mm]
  rotation: [-2.8355328485458868e-05 * rad, -4.031393403778847e-09 * rad, 0.00018685050194671479 * rad]
