VPLeft: !<!alignment>
  position: [-0.16398067460274524 * mm, 0.07706762632654639 * mm, -0.26860728791164895 * mm]
  rotation: [0.0001305162424743145 * rad, -3.3339693360664084e-05 * rad, 0.0027804482948278596 * rad]
VPRight: !<!alignment>
  position: [0.1634216075410002 * mm, -0.07850835296369783 * mm, 0.2686698377525075 * mm]
  rotation: [-0.00012915484626308026 * rad, 3.432587983719294e-05 * rad, -0.0027805120051347726 * rad]
VPSystem: !<!alignment>
  position: [0 * mm, 0 * mm, 0 * mm]
  rotation: [-0.00021500510183045652 * rad, -1.962523504132493e-08 * rad, 2.2355109669810775e-05 * rad]
