VPLeft: !<!alignment>
  position: [-0.16808870993226638 * mm, 0.07571491770354336 * mm, -0.3257320858288288 * mm]
  rotation: [0.0001305162424743145 * rad, -3.333969336066417e-05 * rad, 0.002780448294827863 * rad]
VPRight: !<!alignment>
  position: [0.16751823288815004 * mm, -0.07714766518304583 * mm, 0.3257952655540798 * mm]
  rotation: [-0.00012915484626308004 * rad, 3.43258798371929e-05 * rad, -0.0027805120051347717 * rad]
VPSystem: !<!alignment>
  position: [0.0, 0.0, 0.0]
  rotation: [0.0, 0.0, 0.0]
