VPLeft: !<!alignment>
  position: [-0.16154335875346884 * mm, 0.07957472863805497 * mm, -0.37684372453650616 * mm]
  rotation: [0.0001305162424743145 * rad, -3.333969336066409e-05 * rad, 0.002780448294827865 * rad]
VPRight: !<!alignment>
  position: [0.16099102552662267 * mm, -0.08105709627957809 * mm, 0.3769054532513962 * mm]
  rotation: [-0.00012915484626308004 * rad, 3.432587983719287e-05 * rad, -0.002780512005134775 * rad]
VPSystem: !<!alignment>
  position: [0 * mm, 0 * mm, 0 * mm]
  rotation: [-5.587979521984006e-05 * rad, 0 * rad, 0 * rad]
