VPLeft: !<!alignment>
  position: [-0.1637787925357882 * mm, 0.07665957058833663 * mm, -0.31354887131697257 * mm]
  rotation: [0.00013051624247431472 * rad, -3.3339693360664084e-05 * rad, 0.0027804482948278644 * rad]
VPRight: !<!alignment>
  position: [0.1632144508848092 * mm, -0.07811310463943796 * mm, 0.31361151161711087 * mm]
  rotation: [-0.00012915484626308004 * rad, 3.4325879837192876e-05 * rad, -0.0027805120051347726 * rad]
VPSystem: !<!alignment>
  position: [0 * mm, 0 * mm, 0 * mm]
  rotation: [-0.00019446057975718346 * rad, -4.4109436923150354e-08 * rad, -5.395835615353795e-05 * rad]
