VPLeft: !<!alignment>
  position: [-0.16698730333722447 * mm, 0.07570328060978167 * mm, -0.3272618250073074 * mm]
  rotation: [0.00013041046898183218 * rad, -7.138173535210679e-05 * rad, 0.0027804582236434635 * rad]
VPRight: !<!alignment>
  position: [0.1664752863172579 * mm, -0.07714238479386723 * mm, 0.32730277508439276 * mm]
  rotation: [-0.0001292606236135889 * rad, 7.236792184697027e-05 * rad, -0.002780502177074729 * rad]
VPSystem: !<!alignment>
  position: [0 * mm, 0 * mm, 0 * mm]
  rotation: [-2.6030733608607313e-05 * rad, -4.994017768175201e-09 * rad, 0.0002755867615630608 * rad]
