VPLeft: !<!alignment>
  position: [-0.16821322783261275 * mm, 0.0754752332289151 * mm, -0.327500744539173 * mm]
  rotation: [0.0001305162424743145 * rad, -3.333969336066408e-05 * rad, 0.0027804482948278605 * rad]
VPRight: !<!alignment>
  position: [0.167641297592047 * mm, -0.07690775158862295 * mm, 0.32756399491011207 * mm]
  rotation: [-0.00012915484626308004 * rad, 3.432587983719292e-05 * rad, -0.0027805120051347743 * rad]
VPSystem: !<!alignment>
  position: [0 * mm, 0 * mm, 0 * mm]
  rotation: [-6.750449957520797e-05 * rad, 1.7647275422011158e-08 * rad, 0.00014209473209735355 * rad]
