VPLeft: !<!alignment>
  position: [-0.15957874634093064 * mm, 0.08188571561901249 * mm, -0.39325558651033127 * mm]
  rotation: [0.00013039693709656643 * rad, -7.624857738217406e-05 * rad, 0.002780459494304559 * rad]
VPRight: !<!alignment>
  position: [0.15910181650473001 * mm, -0.08338305704368158 * mm, 0.39329084074481147 * mm]
  rotation: [-0.00012927415611443407 * rad, 7.723476387940129e-05 * rad, -0.002780500920174531 * rad]
VPSystem: !<!alignment>
  position: [0 * mm, 0 * mm, 0 * mm]
  rotation: [-0.00035167910041772246 * rad, -1.419920221806513e-07 * rad, -0.00011166933509689686 * rad]
