VPLeft: !<!alignment>
  position: [-0.165655717667827 * mm, 0.07449948462541289 * mm, -0.3481419966819699 * mm]
  rotation: [0.0001305162424743145 * rad, -3.333969336066406e-05 * rad, 0.0027804482948278614 * rad]
VPRight: !<!alignment>
  position: [0.16507701910422412 * mm, -0.0759516040210978 * mm, 0.3482053245977478 * mm]
  rotation: [-0.00012915484626308004 * rad, 3.432587983719293e-05 * rad, -0.0027805120051347717 * rad]
VPSystem: !<!alignment>
  position: [0 * mm, 0 * mm, 0 * mm]
  rotation: [-0.0002952590827285613 * rad, 1.514019154555073e-07 * rad, -0.00017882873091621028 * rad]
