VPLeft: !<!alignment>
  position: [-0.16820799418981702 * mm, 0.07594834631961074 * mm, -0.33818534650130966 * mm]
  rotation: [0.00013051624247431472 * rad, -3.33396933606641e-05 * rad, 0.002780448294827864 * rad]
VPRight: !<!alignment>
  position: [0.16763797972157782 * mm, -0.07738366293361716 * mm, 0.3382484733652088 * mm]
  rotation: [-0.00012915484626308026 * rad, 3.43258798371929e-05 * rad, -0.002780512005134774 * rad]
VPSystem: !<!alignment>
  position: [0 * mm, 0 * mm, 0 * mm]
  rotation: [-3.7675806938284375e-05 * rad, 4.122708036499811e-08 * rad, -0.00046645168578348306 * rad]
