VPLeft: !<!alignment>
  position: [-0.16151630503121192 * mm, 0.07917348216835575 * mm, -0.3745543100930371 * mm]
  rotation: [0.0001305162424743145 * rad, -3.33396933606641e-05 * rad, 0.0027804482948278666 * rad]
VPRight: !<!alignment>
  position: [0.160961894175913 * mm, -0.08065541154800955 * mm, 0.37461614115638 * mm]
  rotation: [-0.00012915484626308026 * rad, 3.4325879837192896e-05 * rad, -0.0027805120051347717 * rad]
VPSystem: !<!alignment>
  position: [0 * mm, 0 * mm, 0 * mm]
  rotation: [-0.00040015612639131406 * rad, 0 * rad, 0 * rad]
