VPLeft: !<!alignment>
  position: [-0.1613686426519981 * mm, 0.07961109881236386 * mm, -0.3765781900775483 * mm]
  rotation: [0.00013051624247431472 * rad, -3.333969336066409e-05 * rad, 0.0027804482948278705 * rad]
VPRight: !<!alignment>
  position: [0.16081653215506858 * mm, -0.08109436847175068 * mm, 0.37663989741626425 * mm]
  rotation: [-0.00012915484626308026 * rad, 3.4325879837192856e-05 * rad, -0.002780512005134772 * rad]
VPSystem: !<!alignment>
  position: [0 * mm, 0 * mm, 0 * mm]
  rotation: [-4.2765747599668764e-05 * rad, 0 * rad, 0 * rad]
