VPLeft: !<!alignment>
  position: [-0.1615495594300486 * mm, 0.07956354752214324 * mm, -0.3769999089463347 * mm]
  rotation: [0.00013051624247431472 * rad, -3.3339693360664104e-05 * rad, 0.00278044829482787 * rad]
VPRight: !<!alignment>
  position: [0.16099715347429197 * mm, -0.08104592144124637 * mm, 0.37706164098094774 * mm]
  rotation: [-0.00012915484626308026 * rad, 3.4325879837192856e-05 * rad, -0.0027805120051347726 * rad]
VPSystem: !<!alignment>
  position: [0 * mm, 0 * mm, 0 * mm]
  rotation: [-3.89503651970173e-05 * rad, 0 * rad, 0 * rad]
