VPLeft: !<!alignment>
  position: [-0.16693987824085743 * mm, 0.07584665655467154 * mm, -0.3264954075399333 * mm]
  rotation: [0.00013043602434530403 * rad, -6.219059433866127e-05 * rad, 0.002780455825408734 * rad]
VPRight: !<!alignment>
  position: [0.16641522330373767 * mm, -0.07728586130942555 * mm, 0.32654191717585085 * mm]
  rotation: [-0.0001292350672721539 * rad, 6.317678082935867e-05 * rad, -0.00278050455219657 * rad]
VPSystem: !<!alignment>
  position: [0 * mm, 0 * mm, 0 * mm]
  rotation: [0 * rad, 0 * rad, 0.00015972679361752557 * rad]
