VPLeft: !<!alignment>
  position: [-0.16711817424877703 * mm, 0.07585891941671254 * mm, -0.3306050091973947 * mm]
  rotation: [0.00013038480459224384 * rad, -8.061208443395056e-05 * rad, 0.002780460631175103 * rad]
VPRight: !<!alignment>
  position: [0.1666193417971716 * mm, -0.07729812653017364 * mm, 0.3306399822638969 * mm]
  rotation: [-0.0001292862889643539 * rad, 8.15982709327099e-05 * rad, -0.0027804997908873284 * rad]
VPSystem: !<!alignment>
  position: [0 * mm, 0 * mm, 0 * mm]
  rotation: [-1.3259369562729326e-05 * rad, 1.7526229069473488e-08 * rad, -0.0006057502113906715 * rad]
