VPLeft: !<!alignment>
  position: [-0.16605679905807946 * mm, 0.07527501948559646 * mm, -0.37518722450565684 * mm]
  rotation: [0.00013051624247431472 * rad, -3.3339693360664084e-05 * rad, 0.0027804482948278683 * rad]
VPRight: !<!alignment>
  position: [0.16548059649857205 * mm, -0.07673192440599061 * mm, 0.3752503776389293 * mm]
  rotation: [-0.00012915484626308026 * rad, 3.432587983719287e-05 * rad, -0.002780512005134772 * rad]
VPSystem: !<!alignment>
  position: [0 * mm, 0 * mm, 0 * mm]
  rotation: [0.0001721926479460463 * rad, 0 * rad, 0 * rad]
