VPLeft: !<!alignment>
  position: [-0.16204050584389618 * mm, 0.07882120494051016 * mm, -0.37985691695502455 * mm]
  rotation: [0.0001305162424743145 * rad, -3.333969336066409e-05 * rad, 0.0027804482948278657 * rad]
VPRight: !<!alignment>
  position: [0.1614837729155097 * mm, -0.08030160266470539 * mm, 0.3799188750858216 * mm]
  rotation: [-0.00012915484626308004 * rad, 3.4325879837192856e-05 * rad, -0.0027805120051347743 * rad]
VPSystem: !<!alignment>
  position: [0 * mm, 0 * mm, 0 * mm]
  rotation: [-6.776542902684884e-05 * rad, 0 * rad, 0 * rad]
