VPLeft: !<!alignment>
  position: [-0.16825935830341973 * mm, 0.07590214645119821 * mm, -0.33640976586711846 * mm]
  rotation: [0.0001305162424743145 * rad, -3.3339693360664084e-05 * rad, 0.002780448294827864 * rad]
VPRight: !<!alignment>
  position: [0.16768920498932388 * mm, -0.0773367167499942 * mm, 0.3364729082962175 * mm]
  rotation: [-0.00012915484626308004 * rad, 3.432587983719289e-05 * rad, -0.0027805120051347743 * rad]
VPSystem: !<!alignment>
  position: [0 * mm, 0 * mm, 0 * mm]
  rotation: [-3.761488311616244e-05 * rad, 3.826122817301107e-08 * rad, -0.00042685466771894627 * rad]
