VPLeft: !<!alignment>
  position: [-0.16218001955870132 * mm, 0.07883941074162422 * mm, -0.37733664536283795 * mm]
  rotation: [0.00013051624247431472 * rad, -3.333969336066406e-05 * rad, 0.002780448294827862 * rad]
VPRight: !<!alignment>
  position: [0.1616235544294192 * mm, -0.08031837744539307 * mm, 0.377398608401236 * mm]
  rotation: [-0.00012915484626308026 * rad, 3.4325879837192896e-05 * rad, -0.002780512005134774 * rad]
VPSystem: !<!alignment>
  position: [0 * mm, 0 * mm, 0 * mm]
  rotation: [-0.0005155987294890698 * rad, 0 * rad, 0 * rad]
