VPLeft: !<!alignment>
  position: [-0.16826429365928688 * mm, 0.07514103512854946 * mm, -0.32566732685725386 * mm]
  rotation: [0.00013051624247431472 * rad, -3.3339693360664084e-05 * rad, 0.0027804482948278687 * rad]
VPRight: !<!alignment>
  position: [0.1676906269081693 * mm, -0.07657279826511519 * mm, 0.325730667503024 * mm]
  rotation: [-0.00012915484626308004 * rad, 3.432587983719286e-05 * rad, -0.0027805120051347726 * rad]
VPSystem: !<!alignment>
  position: [0 * mm, 0 * mm, 0 * mm]
  rotation: [-3.544352696401033e-05 * rad, -3.2561122951820974e-09 * rad, 0.00021833788101825968 * rad]
