VPLeft: !<!alignment>
  position: [-0.166841980047706 * mm, 0.07600559602653686 * mm, -0.3303004182139204 * mm]
  rotation: [0.00013039684843361792 * rad, -7.628045457312157e-05 * rad, 0.0027804595019690096 * rad]
VPRight: !<!alignment>
  position: [0.16633888518257348 * mm, -0.07744627219792101 * mm, 0.33033841404895353 * mm]
  rotation: [-0.00012927424472000248 * rad, 7.726664107022048e-05 * rad, -0.0027805009112837746 * rad]
VPSystem: !<!alignment>
  position: [0.0, 0.0, 0.0]
  rotation: [0.0, 0.0, 0.0]
