VPLeft: !<!alignment>
  position: [-0.1593303715136773 * mm, 0.08065872601611349 * mm, -0.3863384391498531 * mm]
  rotation: [0.0001305162424743145 * rad, -3.333969336066404e-05 * rad, 0.0027804482948278544 * rad]
VPRight: !<!alignment>
  position: [0.15878346494673184 * mm, -0.0821558503913037 * mm, 0.3863997349051548 * mm]
  rotation: [-0.00012915484626308004 * rad, 3.432587983719294e-05 * rad, -0.002780512005134776 * rad]
VPSystem: !<!alignment>
  position: [0 * mm, 0 * mm, 0 * mm]
  rotation: [-0.00038582737012526273 * rad, 1.1305606012687014e-07 * rad, 6.045388984835242e-05 * rad]
