VPLeft: !<!alignment>
  position: [-0.16218199930685115 * mm, 0.07883481290928233 * mm, -0.3773826491220225 * mm]
  rotation: [0.0001305162424743145 * rad, -3.3339693360664037e-05 * rad, 0.0027804482948278622 * rad]
VPRight: !<!alignment>
  position: [0.16162550549912322 * mm, -0.08031378062952067 * mm, 0.37744461348719954 * mm]
  rotation: [-0.00012915484626308004 * rad, 3.432587983719292e-05 * rad, -0.0027805120051347734 * rad]
VPSystem: !<!alignment>
  position: [0 * mm, 0 * mm, 0 * mm]
  rotation: [-0.0005148319968789519 * rad, 0 * rad, 0 * rad]
