VPLeft: !<!alignment>
  position: [-0.16813146810305665 * mm, 0.07553648559703231 * mm, -0.3294631436800649 * mm]
  rotation: [0.0001305162424743145 * rad, -3.333969336066411e-05 * rad, 0.002780448294827871 * rad]
VPRight: !<!alignment>
  position: [0.1675597483780888 * mm, -0.07696996761267907 * mm, 0.329526372495084 * mm]
  rotation: [-0.00012915484626308004 * rad, 3.432587983719284e-05 * rad, -0.0027805120051347717 * rad]
VPSystem: !<!alignment>
  position: [0 * mm, 0 * mm, 0 * mm]
  rotation: [-2.0052615524064834e-05 * rad, 0 * rad, -4.627564081153732e-05 * rad]
