VPLeft: !<!alignment>
  position: [-0.16846973947416344 * mm, 0.07554300017855477 * mm, -0.3260435798439128 * mm]
  rotation: [0.0001305162424743145 * rad, -3.33396933606641e-05 * rad, 0.0027804482948278683 * rad]
VPRight: !<!alignment>
  position: [0.16789827966212933 * mm, -0.07697371239044824 * mm, 0.32610683022562076 * mm]
  rotation: [-0.00012915484626308026 * rad, 3.432587983719287e-05 * rad, -0.0027805120051347726 * rad]
VPSystem: !<!alignment>
  position: [0 * mm, 0 * mm, 0 * mm]
  rotation: [-4.1890859165740865e-05 * rad, -7.379054178755734e-09 * rad, -0.00026100431515345727 * rad]
