VPLeft: !<!alignment>
  position: [-0.15832526743396266 * mm, 0.08217007697249139 * mm, -0.38864646963593946 * mm]
  rotation: [0.00013051624247431472 * rad, -3.333969336066407e-05 * rad, 0.0027804482948278544 * rad]
VPRight: !<!alignment>
  position: [0.15778662643581298 * mm, -0.08367336699503683 * mm, 0.38870730440331336 * mm]
  rotation: [-0.00012915484626308004 * rad, 3.432587983719297e-05 * rad, -0.0027805120051347743 * rad]
VPSystem: !<!alignment>
  position: [0 * mm, 0 * mm, 0 * mm]
  rotation: [-0.0002691965445255049 * rad, -1.4202520527986726e-07 * rad, 0.0002855396299307193 * rad]
