VPLeft: !<!alignment>
  position: [0.6706574397928069 * mm, 12.372711845244242 * mm, -4.594303022341333 * mm]
  rotation: [0.00013051624247431472 * rad, -3.333969336066409e-05 * rad, 0.0027804482948278653 * rad]
VPRight: !<!alignment>
  position: [-0.6031178306825362 * mm, -12.379727466665088 * mm, 4.5911178401490425 * mm]
  rotation: [-0.00012915484626308026 * rad, 3.432587983719292e-05 * rad, -0.0027805120051347726 * rad]
VPSystem: !<!alignment>
  position: [0 * mm, 0 * mm, 0 * mm]
  rotation: [0.00011840118907434176 * rad, 4.748625648101092e-07 * rad, -0.0007597186119480524 * rad]
