VPLeft: !<!alignment>
  position: [-0.5782634190623904 * mm, -0.14136879823246784 * mm, -0.1166888817639593 * mm]
  rotation: [0.0001305162424743145 * rad, -3.333969336066405e-05 * rad, 0.0027804482948278588 * rad]
VPRight: !<!alignment>
  position: [0.5764934033396284 * mm, 0.14226795838538792 * mm, 0.11683644906784862 * mm]
  rotation: [-0.00012915484626308004 * rad, 3.432587983719291e-05 * rad, -0.002780512005134776 * rad]
VPSystem: !<!alignment>
  position: [0 * mm, 0 * mm, 0 * mm]
  rotation: [-0.0002850496510249686 * rad, 6.757260844521518e-07 * rad, -0.00019955956999942858 * rad]
