VPLeft: !<!alignment>
  position: [-0.16741752176867672 * mm, 0.07541224409935958 * mm, -0.3698477883225438 * mm]
  rotation: [0.00013051624247431472 * rad, -3.3339693360664084e-05 * rad, 0.002780448294827868 * rad]
VPRight: !<!alignment>
  position: [0.1668424187038105 * mm, -0.07686019252287071 * mm, 0.3699109990971485 * mm]
  rotation: [-0.00012915484626308004 * rad, 3.432587983719285e-05 * rad, -0.0027805120051347734 * rad]
VPSystem: !<!alignment>
  position: [0 * mm, 0 * mm, 0 * mm]
  rotation: [0 * rad, 0 * rad, -0.00038543185451192356 * rad]
