VPLeft: !<!alignment>
  position: [-0.16684383505922604 * mm, 0.07596232493293721 * mm, -0.3273806841738935 * mm]
  rotation: [0.00013040569154675248 * rad, -7.309996932515259e-05 * rad, 0.0027804586719352986 * rad]
VPRight: !<!alignment>
  position: [0.16633575867107536 * mm, -0.07740224670120426 * mm, 0.32742049883771335 * mm]
  rotation: [-0.00012926540123458022 * rad, 7.408615582077987e-05 * rad, -0.0027805017330134398 * rad]
VPSystem: !<!alignment>
  position: [0.0, 0.0, 0.0]
  rotation: [0.0, 0.0, 0.0]
