VPLeft: !<!alignment>
  position: [-0.1645664746170721 * mm, 0.07543292692256905 * mm, -0.37015683141762395 * mm]
  rotation: [0.0001305162424743145 * rad, -3.333969336066407e-05 * rad, 0.0027804482948278657 * rad]
VPRight: !<!alignment>
  position: [0.16399150996947634 * mm, -0.07689680978631391 * mm, 0.3702198418386941 * mm]
  rotation: [-0.00012915484626308026 * rad, 3.4325879837192896e-05 * rad, -0.002780512005134774 * rad]
VPSystem: !<!alignment>
  position: [0 * mm, 0 * mm, 0 * mm]
  rotation: [-0.0003224056040318718 * rad, 1.8569708753284172e-07 * rad, -0.0001842307658788004 * rad]
