VPLeft: !<!alignment>
  position: [-0.1621851701684181 * mm, 0.07884639782321284 * mm, -0.37750018975994876 * mm]
  rotation: [0.0001305162424743145 * rad, -3.333969336066406e-05 * rad, 0.0027804482948278622 * rad]
VPRight: !<!alignment>
  position: [0.1616287328661094 * mm, -0.08032537827492424 * mm, 0.3775621513316791 * mm]
  rotation: [-0.00012915484626308026 * rad, 3.43258798371929e-05 * rad, -0.0027805120051347717 * rad]
VPSystem: !<!alignment>
  position: [0 * mm, 0 * mm, 0 * mm]
  rotation: [-0.0005032172894178606 * rad, 0 * rad, 0 * rad]
