VPLeft: !<!alignment>
  position: [-0.17000050310992382 * mm, 0.07321624265423457 * mm, -0.32464740263228037 * mm]
  rotation: [0.0001305162424743145 * rad, -3.33396933606641e-05 * rad, 0.002780448294827869 * rad]
VPRight: !<!alignment>
  position: [0.16941617413001023 * mm, -0.07463811565447453 * mm, 0.32471136150007196 * mm]
  rotation: [-0.00012915484626308004 * rad, 3.4325879837192856e-05 * rad, -0.0027805120051347726 * rad]
VPSystem: !<!alignment>
  position: [0 * mm, 0 * mm, 0 * mm]
  rotation: [-7.509163982747394e-05 * rad, -3.050235593225615e-08 * rad, -0.0008644538988275298 * rad]
