VPLeft: !<!alignment>
  position: [-0.1668409699518422 * mm, 0.07591248466657662 * mm, -0.32827424746264505 * mm]
  rotation: [0.00013041632929937765 * rad, -6.927403503933075e-05 * rad, 0.002780457673647003 * rad]
VPRight: !<!alignment>
  position: [0.16632678406065943 * mm, -0.07735267168707369 * mm, 0.32831637218580384 * mm]
  rotation: [-0.00012925476306256006 * rad, 7.02602215332393e-05 * rad, -0.0027805027216980934 * rad]
VPSystem: !<!alignment>
  position: [0.0, 0.0, 0.0]
  rotation: [0.0, 0.0, 0.0]
