VPLeft: !<!alignment>
  position: [-0.16805408628571683 * mm, 0.07552336470143528 * mm, -0.3274810194139684 * mm]
  rotation: [0.0001305162424743145 * rad, -3.33396933606641e-05 * rad, 0.002780448294827864 * rad]
VPRight: !<!alignment>
  position: [0.16748242748275122 * mm, -0.07695676216341509 * mm, 0.32754424641296714 * mm]
  rotation: [-0.00012915484626308026 * rad, 3.432587983719286e-05 * rad, -0.002780512005134773 * rad]
VPSystem: !<!alignment>
  position: [0 * mm, 0 * mm, 0 * mm]
  rotation: [-6.114867870040666e-05 * rad, 3.1766684316119663e-09 * rad, 0.00034087945863373016 * rad]
