VPLeft: !<!alignment>
  position: [-0.16784004681390227 * mm, 0.07572018379399804 * mm, -0.32601111170730446 * mm]
  rotation: [0.0001305162424743145 * rad, -3.3339693360664165e-05 * rad, 0.002780448294827864 * rad]
VPRight: !<!alignment>
  position: [0.16726958422071156 * mm, -0.07715438649551104 * mm, 0.32607427305077913 * mm]
  rotation: [-0.00012915484626308004 * rad, 3.4325879837192896e-05 * rad, -0.0027805120051347717 * rad]
VPSystem: !<!alignment>
  position: [0.0, 0.0, 0.0]
  rotation: [0.0, 0.0, 0.0]
