VPLeft: !<!alignment>
  position: [-0.16805427602718898 * mm, 0.07558139087134921 * mm, -0.32749793697670765 * mm]
  rotation: [0.00013051624247431472 * rad, -3.333969336066408e-05 * rad, 0.002780448294827868 * rad]
VPRight: !<!alignment>
  position: [0.16748293876916526 * mm, -0.0770147907752403 * mm, 0.32756114893214383 * mm]
  rotation: [-0.00012915484626308004 * rad, 3.432587983719286e-05 * rad, -0.0027805120051347726 * rad]
VPSystem: !<!alignment>
  position: [0 * mm, 0 * mm, 0 * mm]
  rotation: [-3.243737353618721e-05 * rad, -1.1127817841155655e-08 * rad, 0.0002994891598736382 * rad]
