VPLeft: !<!alignment>
  position: [-0.1668499816640979 * mm, 0.07592967662939291 * mm, -0.3279776304191575 * mm]
  rotation: [0.00013041434663861162 * rad, -6.998711215657827e-05 * rad, 0.002780457859762439 * rad]
VPRight: !<!alignment>
  position: [0.16633709066855748 * mm, -0.07736973286059232 * mm, 0.32801935421008843 * mm]
  rotation: [-0.0001292567458057287 * rad, 7.097329865082423e-05 * rad, -0.00278050253748178 * rad]
VPSystem: !<!alignment>
  position: [0.0, 0.0, 0.0]
  rotation: [0.0, 0.0, 0.0]
