VPLeft: !<!alignment>
  position: [-0.16163076977385704 * mm, 0.07948589150029917 * mm, -0.37833492599390234 * mm]
  rotation: [0.00013051624247431472 * rad, -3.33396933606641e-05 * rad, 0.002780448294827869 * rad]
VPRight: !<!alignment>
  position: [0.16107784135115719 * mm, -0.08096816193344544 * mm, 0.37839668368435037 * mm]
  rotation: [-0.00012915484626308026 * rad, 3.432587983719284e-05 * rad, -0.002780512005134772 * rad]
VPSystem: !<!alignment>
  position: [0 * mm, 0 * mm, 0 * mm]
  rotation: [-3.656422460218338e-05 * rad, -5.860947180602021e-09 * rad, -0.000266582424508929 * rad]
