VPLeft: !<!alignment>
  position: [-0.1681670938988743 * mm, 0.07543028388957095 * mm, -0.32637362375019924 * mm]
  rotation: [0.00013051624247431472 * rad, -3.3339693360664104e-05 * rad, 0.0027804482948278687 * rad]
VPRight: !<!alignment>
  position: [0.167594989864258 * mm, -0.07686276660142344 * mm, 0.32643688267012494 * mm]
  rotation: [-0.00012915484626308004 * rad, 3.432587983719286e-05 * rad, -0.0027805120051347726 * rad]
VPSystem: !<!alignment>
  position: [0 * mm, 0 * mm, 0 * mm]
  rotation: [-6.221412696300623e-05 * rad, 9.236917761283429e-10 * rad, 0.00017098558837436476 * rad]
