VPLeft: !<!alignment>
  position: [-0.16151522169315569 * mm, 0.079194442390009 * mm, -0.37474349694008047 * mm]
  rotation: [0.0001305162424743145 * rad, -3.33396933606641e-05 * rad, 0.002780448294827864 * rad]
VPRight: !<!alignment>
  position: [0.1609609147483319 * mm, -0.08067642663098333 * mm, 0.37480532248380216 * mm]
  rotation: [-0.00012915484626308004 * rad, 3.4325879837192876e-05 * rad, -0.0027805120051347734 * rad]
VPSystem: !<!alignment>
  position: [0 * mm, 0 * mm, 0 * mm]
  rotation: [-0.0004740035449071996 * rad, 0 * rad, 0 * rad]
