VPLeft: !<!alignment>
  position: [-0.16737958983178117 * mm, 0.07389665151179589 * mm, -0.32404518967534357 * mm]
  rotation: [0.0001305162424743145 * rad, -3.3339693360664037e-05 * rad, 0.0027804482948278492 * rad]
VPRight: !<!alignment>
  position: [0.16679912541006484 * mm, -0.07533293217519929 * mm, 0.3241087927734164 * mm]
  rotation: [-0.00012915484626308004 * rad, 3.432587983719294e-05 * rad, -0.002780512005134777 * rad]
VPSystem: !<!alignment>
  position: [0 * mm, 0 * mm, 0 * mm]
  rotation: [-0.00018846418679787803 * rad, -4.955778564939024e-08 * rad, 0.0001925372044528419 * rad]
