VPLeft: !<!alignment>
  position: [-0.1667106938796412 * mm, 0.07321562204991094 * mm, -0.32730709184063406 * mm]
  rotation: [0.00013026262326880237 * rad, -0.00012455547175958337 * rad, 0.002780472092198149 * rad]
VPRight: !<!alignment>
  position: [0.16626352408400685 * mm, -0.0746560918084208 * mm, 0.3273163916227716 * mm]
  rotation: [-0.00012940847571463426 * rad, 0.0001255416582758487 * rad, -0.002780488430210804 * rad]
VPSystem: !<!alignment>
  position: [0.0, 0.0, 0.0]
  rotation: [0.0, 0.0, 0.0]
