VPLeft: !<!alignment>
  position: [-0.16151328765551132 * mm, 0.07919287503238424 * mm, -0.3747379469331086 * mm]
  rotation: [0.0001305162424743145 * rad, -3.3339693360664084e-05 * rad, 0.002780448294827865 * rad]
VPRight: !<!alignment>
  position: [0.16095897239613563 * mm, -0.0806748686104539 * mm, 0.3747997727514669 * mm]
  rotation: [-0.00012915484626308004 * rad, 3.43258798371929e-05 * rad, -0.0027805120051347734 * rad]
VPSystem: !<!alignment>
  position: [0 * mm, 0 * mm, 0 * mm]
  rotation: [-0.0004761708087509711 * rad, 0 * rad, 0 * rad]
