VPLeft: !<!alignment>
  position: [-0.1681171461070373 * mm, 0.0755344033461256 * mm, -0.3295844968001167 * mm]
  rotation: [0.0001305162424743145 * rad, -3.333969336066411e-05 * rad, 0.002780448294827871 * rad]
VPRight: !<!alignment>
  position: [0.16754540690046932 * mm, -0.07696799657216717 * mm, 0.32964772517167185 * mm]
  rotation: [-0.00012915484626308004 * rad, 3.432587983719284e-05 * rad, -0.0027805120051347717 * rad]
VPSystem: !<!alignment>
  position: [0 * mm, 0 * mm, 0 * mm]
  rotation: [-1.9511407451922527e-05 * rad, 0 * rad, 3.3156416969370645e-05 * rad]
