VPLeft: !<!alignment>
  position: [-0.1650931041572587 * mm, 0.07454432012985827 * mm, -0.30547011930942397 * mm]
  rotation: [0.0001305162424743145 * rad, -3.333969336066407e-05 * rad, 0.002780448294827858 * rad]
VPRight: !<!alignment>
  position: [0.16451752021791682 * mm, -0.07598847884276587 * mm, 0.30553339865244233 * mm]
  rotation: [-0.00012915484626308026 * rad, 3.4325879837192876e-05 * rad, -0.002780512005134775 * rad]
VPSystem: !<!alignment>
  position: [0 * mm, 0 * mm, 0 * mm]
  rotation: [-0.0002734609751347707 * rad, -5.7633774752523025e-09 * rad, 7.441617517587573e-05 * rad]
