VPLeft: !<!alignment>
  position: [-0.16154493623694072 * mm, 0.07957830842136429 * mm, -0.3770104820985379 * mm]
  rotation: [0.00013051624247431472 * rad, -3.3339693360664104e-05 * rad, 0.0027804482948278683 * rad]
VPRight: !<!alignment>
  position: [0.16099261172931043 * mm, -0.08106071056847648 * mm, 0.37707220998646346 * mm]
  rotation: [-0.00012915484626308004 * rad, 3.432587983719285e-05 * rad, -0.0027805120051347726 * rad]
VPSystem: !<!alignment>
  position: [0 * mm, 0 * mm, 0 * mm]
  rotation: [-4.272525855824682e-05 * rad, 0 * rad, 0 * rad]
