VPLeft: !<!alignment>
  position: [-0.16824685564282513 * mm, 0.07590852676046657 * mm, -0.33731872736581203 * mm]
  rotation: [0.0001305162424743145 * rad, -3.3339693360664104e-05 * rad, 0.002780448294827864 * rad]
VPRight: !<!alignment>
  position: [0.16767667715422915 * mm, -0.07734340268785433 * mm, 0.33738186725214137 * mm]
  rotation: [-0.00012915484626308004 * rad, 3.432587983719288e-05 * rad, -0.002780512005134775 * rad]
VPSystem: !<!alignment>
  position: [0 * mm, 0 * mm, 0 * mm]
  rotation: [-3.753434032681272e-05 * rad, 3.9203095202912014e-08 * rad, -0.0004389115982831416 * rad]
