VPLeft: !<!alignment>
  position: [-0.16779208083994404 * mm, 0.07576089934732713 * mm, -0.3260712150271606 * mm]
  rotation: [0.0001305162424743145 * rad, -3.333969336066414e-05 * rad, 0.0027804482948278674 * rad]
VPRight: !<!alignment>
  position: [0.16722184138176072 * mm, -0.07719538377133618 * mm, 0.32613436252322014 * mm]
  rotation: [-0.00012915484626308004 * rad, 3.432587983719287e-05 * rad, -0.0027805120051347717 * rad]
VPSystem: !<!alignment>
  position: [0.0, 0.0, 0.0]
  rotation: [0.0, 0.0, 0.0]
