VPLeft: !<!alignment>
  position: [-0.16164441665733945 * mm, 0.07949626027026249 * mm, -0.37849611334891564 * mm]
  rotation: [0.00013051624247431472 * rad, -3.333969336066406e-05 * rad, 0.002780448294827864 * rad]
VPRight: !<!alignment>
  position: [0.1610915348933017 * mm, -0.08097849653933 * mm, 0.37855786927633517 * mm]
  rotation: [-0.00012915484626308026 * rad, 3.432587983719287e-05 * rad, -0.0027805120051347747 * rad]
VPSystem: !<!alignment>
  position: [0 * mm, 0 * mm, 0 * mm]
  rotation: [-6.210593046505441e-05 * rad, -1.2525928067358794e-08 * rad, -0.0002688578711050681 * rad]
