VPLeft: !<!alignment>
  position: [0.11040247208535084 * mm, 0.029085167598814674 * mm, 0.04365483211019695 * mm]
  rotation: [0.0001305162424743145 * rad, -3.333969336066404e-05 * rad, 0.0027804482948278527 * rad]
VPRight: !<!alignment>
  position: [-0.11120321972029114 * mm, -0.031971317401110616 * mm, -0.04359858477021644 * mm]
  rotation: [-0.00012915484626308026 * rad, 3.432587983719297e-05 * rad, -0.002780512005134776 * rad]
VPSystem: !<!alignment>
  position: [0 * mm, 0 * mm, 0 * mm]
  rotation: [-0.0002821942978160363 * rad, 4.595312596037675e-08 * rad, -3.8301056991108066e-05 * rad]
