VPLeft: !<!alignment>
  position: [-0.1614849546911633 * mm, 0.0792128828639532 * mm, -0.37619232462826585 * mm]
  rotation: [0.00013051624247431472 * rad, -3.3339693360664104e-05 * rad, 0.0027804482948278687 * rad]
VPRight: !<!alignment>
  position: [0.16093065377149948 * mm, -0.08069541162142567 * mm, 0.3762541432649658 * mm]
  rotation: [-0.00012915484626308026 * rad, 3.4325879837192856e-05 * rad, -0.002780512005134772 * rad]
VPSystem: !<!alignment>
  position: [0 * mm, 0 * mm, 0 * mm]
  rotation: [4.403453401416182e-06 * rad, 0 * rad, 0 * rad]
