VPLeft: !<!alignment>
  position: [-0.16693489477905182 * mm, 0.07584423342638062 * mm, -0.3264542171875897 * mm]
  rotation: [0.00013043599942797737 * rad, -6.219955597586701e-05 * rad, 0.0027804558277456457 * rad]
VPRight: !<!alignment>
  position: [0.16641023990009757 * mm, -0.07728345519703014 * mm, 0.3265007200896844 * mm]
  rotation: [-0.0001292350921902679 * rad, 6.318574246656278e-05 * rad, -0.0027805045498793136 * rad]
VPSystem: !<!alignment>
  position: [0 * mm, 0 * mm, 0 * mm]
  rotation: [-2.83493820644211e-05 * rad, -4.811217469892382e-09 * rad, 0.00015981468325874525 * rad]
