VPLeft: !<!alignment>
  position: [-0.16201159350953598 * mm, 0.07882182134797354 * mm, -0.3800041481585109 * mm]
  rotation: [0.0001305162424743145 * rad, -3.333969336066411e-05 * rad, 0.002780448294827864 * rad]
VPRight: !<!alignment>
  position: [0.16145485459989892 * mm, -0.08030241810111502 * mm, 0.3800661041467699 * mm]
  rotation: [-0.00012915484626308026 * rad, 3.432587983719289e-05 * rad, -0.0027805120051347717 * rad]
VPSystem: !<!alignment>
  position: [0 * mm, 0 * mm, 0 * mm]
  rotation: [-3.92136354558293e-05 * rad, 0 * rad, 0 * rad]
