VPLeft: !<!alignment>
  position: [-0.162185170168441 * mm, 0.078846397823216 * mm, -0.37750018975994204 * mm]
  rotation: [0.0001305162424743145 * rad, -3.333969336066406e-05 * rad, 0.0027804482948278622 * rad]
VPRight: !<!alignment>
  position: [0.1616287328660899 * mm, -0.0803253782749223 * mm, 0.3775621513316816 * mm]
  rotation: [-0.00012915484626308026 * rad, 3.4325879837192896e-05 * rad, -0.0027805120051347717 * rad]
VPSystem: !<!alignment>
  position: [0 * mm, 0 * mm, 0 * mm]
  rotation: [-0.0005032172894173503 * rad, 0 * rad, 0 * rad]
