VPLeft: !<!alignment>
  position: [-0.16687471787337596 * mm, 0.07323082002464026 * mm, -0.32815434602775745 * mm]
  rotation: [0.0001302711638927242 * rad, -0.0001214837695182227 * rad, 0.0027804712912405044 * rad]
VPRight: !<!alignment>
  position: [0.16642273140263555 * mm, -0.07467061128964624 * mm, 0.3281654931790549 * mm]
  rotation: [-0.00012939993467959488 * rad, 0.00012246995603335724 * rad, -0.002780489224520854 * rad]
VPSystem: !<!alignment>
  position: [0.0, 0.0, 0.0]
  rotation: [0.0, 0.0, 0.0]
